#           x wallShearS... wallShearS... wallShearS...
       -0.875   -0.00133666    1.0662e-07  -7.90048e-22
    -0.870603   -0.00133793    7.5952e-08   -7.6879e-22
    -0.866206   -0.00133919   4.52843e-08  -7.47532e-22
    -0.861809   -0.00134045   1.46166e-08  -7.26274e-22
    -0.857412   -0.00134171  -1.60511e-08  -7.05016e-22
    -0.853015   -0.00134197  -3.68826e-08  -6.83432e-22
    -0.848618   -0.00134019  -3.74565e-08  -6.61178e-22
    -0.844221   -0.00133841  -3.80305e-08  -6.38924e-22
    -0.839824   -0.00133662  -3.86044e-08   -6.1667e-22
    -0.835427   -0.00133484  -3.91783e-08  -5.94416e-22
     -0.83103   -0.00133306  -3.97523e-08  -5.72162e-22
    -0.826633   -0.00133128  -4.03262e-08  -5.49908e-22
    -0.822236   -0.00132949  -4.09001e-08  -5.27654e-22
    -0.817839   -0.00132771  -4.14741e-08    -5.054e-22
    -0.813442   -0.00132593   -4.2048e-08  -4.83146e-22
    -0.809045    -0.0013242  -4.24403e-08  -4.63319e-22
    -0.804648   -0.00132354  -3.94593e-08   -4.8858e-22
    -0.800251   -0.00132288  -3.64784e-08  -5.13842e-22
    -0.795854   -0.00132223  -3.34974e-08  -5.39103e-22
    -0.791457   -0.00132157  -3.05164e-08  -5.64364e-22
     -0.78706   -0.00132091  -2.75355e-08  -5.89625e-22
    -0.782663   -0.00132025  -2.45545e-08  -6.14886e-22
    -0.778266   -0.00131959  -2.15735e-08  -6.40148e-22
    -0.773869   -0.00131893  -1.85926e-08  -6.65409e-22
    -0.769472   -0.00131828  -1.56116e-08   -6.9067e-22
    -0.765075   -0.00131799  -1.41082e-08  -7.15986e-22
    -0.760678    -0.0013178   -1.2976e-08  -7.41315e-22
    -0.756281   -0.00131761  -1.18438e-08  -7.66644e-22
    -0.751884   -0.00131742  -1.07115e-08  -7.91973e-22
    -0.747487   -0.00131723  -9.57932e-09  -8.17302e-22
     -0.74309   -0.00131704   -8.4471e-09  -8.42631e-22
    -0.738693   -0.00131685  -7.31488e-09   -8.6796e-22
    -0.734296   -0.00131666  -6.18266e-09  -8.93289e-22
    -0.729899   -0.00131647  -5.05044e-09  -9.18618e-22
    -0.725503   -0.00131633  -4.40898e-09  -9.14923e-22
    -0.721106   -0.00131623  -4.17334e-09  -8.87228e-22
    -0.716709   -0.00131613  -3.93769e-09  -8.59532e-22
    -0.712312   -0.00131603  -3.70205e-09  -8.31837e-22
    -0.707915   -0.00131593   -3.4664e-09  -8.04141e-22
    -0.703518   -0.00131583  -3.23076e-09  -7.76446e-22
    -0.699121   -0.00131573  -2.99511e-09   -7.4875e-22
    -0.694724   -0.00131563  -2.75947e-09  -7.21055e-22
    -0.690327   -0.00131553  -2.59969e-09  -6.93345e-22
     -0.68593   -0.00131541  -2.71306e-09   -6.6558e-22
    -0.681533   -0.00131529  -2.82642e-09  -6.37816e-22
    -0.677136   -0.00131517  -2.93979e-09  -6.10052e-22
    -0.672739   -0.00131506  -3.05315e-09  -5.82288e-22
    -0.668342   -0.00131494  -3.16652e-09  -5.54524e-22
    -0.663945   -0.00131482  -3.27988e-09   -5.2676e-22
    -0.659548    -0.0013147  -3.39324e-09  -4.98996e-22
    -0.655151   -0.00131458  -3.50661e-09  -4.71231e-22
    -0.650754   -0.00131444  -3.41266e-09  -4.96146e-22
    -0.646357   -0.00131429  -3.29242e-09  -5.27743e-22
     -0.64196   -0.00131415  -3.17217e-09  -5.59341e-22
    -0.637563     -0.001314  -3.05192e-09  -5.90938e-22
    -0.633166   -0.00131385  -2.93167e-09  -6.22535e-22
    -0.628769   -0.00131371  -2.81143e-09  -6.54133e-22
    -0.624372   -0.00131356  -2.69118e-09   -6.8573e-22
    -0.619975   -0.00131344  -2.45371e-09  -7.17375e-22
    -0.615578   -0.00131338  -2.03093e-09  -7.49096e-22
    -0.611181   -0.00131332  -1.60814e-09  -7.80816e-22
    -0.606784   -0.00131325  -1.18535e-09  -8.12536e-22
    -0.602387   -0.00131319  -7.62566e-10  -8.44256e-22
     -0.59799   -0.00131313  -3.39779e-10  -8.75976e-22
    -0.593593   -0.00131306   8.30074e-11  -9.07696e-22
    -0.589196     -0.001313   5.05794e-10  -9.39416e-22
    -0.584799   -0.00131301    1.0554e-09  -9.12287e-22
    -0.580402   -0.00131304   1.62108e-09  -8.77698e-22
    -0.576005   -0.00131306   2.18676e-09  -8.43108e-22
    -0.571608   -0.00131309   2.75244e-09  -8.08518e-22
    -0.567211   -0.00131311   3.31813e-09  -7.73929e-22
    -0.562814   -0.00131313   3.88381e-09  -7.39339e-22
    -0.558417   -0.00131317   4.44862e-09  -6.99963e-22
     -0.55402    -0.0013133   5.00785e-09  -6.29877e-22
    -0.549623   -0.00131342   5.56708e-09   -5.5979e-22
    -0.545226   -0.00131355   6.12631e-09  -4.89704e-22
    -0.540829   -0.00131367   6.68554e-09  -4.19618e-22
    -0.536432    -0.0013138   7.24478e-09  -3.49531e-22
    -0.532035   -0.00131392   7.80401e-09  -2.79445e-22
    -0.527638   -0.00131408   8.35498e-09    -2.213e-22
    -0.523241    -0.0013143   8.89261e-09  -1.82459e-22
    -0.518844   -0.00131452   9.43024e-09  -1.43618e-22
    -0.514447   -0.00131474   9.96787e-09  -1.04777e-22
     -0.51005   -0.00131496   1.05055e-08  -6.59364e-23
    -0.505653   -0.00131518   1.10431e-08  -2.70954e-23
    -0.501256   -0.00131542   1.15596e-08             0
    -0.496859    -0.0013157   1.20274e-08             0
    -0.492462   -0.00131599   1.24952e-08             0
    -0.488065   -0.00131627    1.2963e-08             0
    -0.483668   -0.00131656   1.34308e-08             0
    -0.479271   -0.00131684   1.38986e-08             0
    -0.474874   -0.00131714   1.43647e-08             0
    -0.470477   -0.00131751   1.48249e-08             0
     -0.46608   -0.00131788   1.52851e-08             0
    -0.461683   -0.00131824   1.57453e-08             0
    -0.457286   -0.00131861   1.62055e-08             0
    -0.452889   -0.00131897   1.66657e-08             0
    -0.448492   -0.00131937   1.70964e-08             0
    -0.444095   -0.00131978   1.75171e-08             0
    -0.439698   -0.00132018   1.79379e-08             0
    -0.435302   -0.00132059   1.83586e-08             0
    -0.430905     -0.001321   1.87793e-08             0
    -0.426508   -0.00132142   1.92041e-08             0
    -0.422111   -0.00132191   1.96394e-08             0
    -0.417714   -0.00132239   2.00747e-08             0
    -0.413317   -0.00132287   2.05099e-08             0
     -0.40892   -0.00132335   2.09452e-08             0
    -0.404523   -0.00132384   2.13759e-08             0
    -0.400126   -0.00132435   2.17978e-08             0
    -0.395729   -0.00132486   2.22197e-08             0
    -0.391332   -0.00132537   2.26416e-08             0
    -0.386935   -0.00132588   2.30635e-08             0
    -0.382538   -0.00132642   2.35021e-08             0
    -0.378141   -0.00132701   2.39641e-08             0
    -0.373744    -0.0013276    2.4426e-08             0
    -0.369347   -0.00132818    2.4888e-08             0
     -0.36495   -0.00132877     2.535e-08             0
    -0.360553   -0.00132937   2.58165e-08   5.42939e-23
    -0.356156   -0.00132998   2.62832e-08   1.09692e-22
    -0.351759   -0.00133059   2.67499e-08   1.65089e-22
    -0.347362   -0.00133119   2.72165e-08   2.20487e-22
    -0.342965   -0.00133184   2.77176e-08   3.12679e-22
    -0.338568   -0.00133253   2.82477e-08   4.35887e-22
    -0.334171   -0.00133322   2.87779e-08   5.59094e-22
    -0.329774   -0.00133391    2.9308e-08   6.82301e-22
    -0.325377    -0.0013346   2.98504e-08   7.38281e-22
     -0.32098   -0.00133531   3.04031e-08    7.3866e-22
    -0.316583   -0.00133601   3.09559e-08   7.39039e-22
    -0.312186   -0.00133671   3.15086e-08   7.39418e-22
    -0.307789   -0.00133747   3.21132e-08   6.64036e-22
    -0.303392   -0.00133827     3.276e-08   5.27171e-22
    -0.298995   -0.00133906   3.34068e-08   3.90307e-22
    -0.294598   -0.00133986   3.40536e-08   2.53443e-22
    -0.290201   -0.00134067   3.47375e-08   1.81628e-22
    -0.285804   -0.00134148   3.54231e-08   1.12891e-22
    -0.281407   -0.00134229   3.61087e-08   4.41543e-23
     -0.27701   -0.00134314    3.6839e-08             0
    -0.272613   -0.00134406   3.76495e-08             0
    -0.268216   -0.00134498     3.846e-08             0
    -0.263819    -0.0013459   3.92772e-08             0
    -0.259422   -0.00134683   4.01446e-08             0
    -0.255025   -0.00134777   4.10119e-08             0
    -0.250628    -0.0013487   4.18793e-08             0
    -0.246231   -0.00134974   4.28797e-08             0
    -0.241834    -0.0013508   4.38982e-08             0
    -0.237437   -0.00135185   4.49167e-08             0
     -0.23304   -0.00135292   4.59919e-08             0
    -0.228643     -0.001354   4.70691e-08             0
    -0.224246   -0.00135507    4.8155e-08             0
    -0.219849   -0.00135628   4.94118e-08             0
    -0.215452   -0.00135749   5.06685e-08             0
    -0.211055   -0.00135871   5.19508e-08  -4.09647e-23
    -0.206658   -0.00135993    5.3268e-08  -1.37913e-22
    -0.202261   -0.00136115   5.45852e-08  -2.34861e-22
    -0.197864    -0.0013625   5.60653e-08   -5.1266e-22
    -0.193467   -0.00136387   5.75869e-08  -8.36506e-22
     -0.18907   -0.00136525    5.9134e-08  -1.11421e-21
    -0.184673   -0.00136664   6.07145e-08  -1.33154e-21
    -0.180276   -0.00136804   6.23116e-08  -1.51724e-21
    -0.175879   -0.00136959   6.41305e-08  -1.27817e-21
    -0.171482   -0.00137114   6.59495e-08   -1.0391e-21
    -0.167085    -0.0013727   6.78308e-08   -6.8534e-22
    -0.162688   -0.00137425   6.97161e-08  -3.24386e-22
    -0.158291   -0.00137596   7.18364e-08  -1.47874e-22
    -0.153894    -0.0013777   7.40109e-08  -1.38819e-23
    -0.149497   -0.00137944   7.62682e-08             0
    -0.145101   -0.00138118   7.85352e-08             0
    -0.140704   -0.00138311   8.11664e-08             0
    -0.136307   -0.00138505    8.3842e-08             0
     -0.13191   -0.00138699   8.66261e-08             0
    -0.127513   -0.00138904   8.96691e-08             0
    -0.123116    -0.0013912   9.29421e-08             0
    -0.118719   -0.00139335   9.63966e-08             0
    -0.114322   -0.00139561   1.00114e-07             0
    -0.109925   -0.00139801   1.04191e-07   4.53824e-24
    -0.105528    -0.0014004   1.08523e-07    1.9299e-22
    -0.101131   -0.00140297   1.13355e-07   5.26024e-22
   -0.0967337   -0.00140564   1.18621e-07   8.69375e-22
   -0.0923367   -0.00140834   1.24235e-07   1.03334e-21
   -0.0879397   -0.00141131   1.30795e-07   8.01433e-22
   -0.0835427   -0.00141429   1.37825e-07   3.40526e-22
   -0.0791457   -0.00141755   1.46046e-07    4.7182e-23
   -0.0747487   -0.00142089   1.55018e-07             0
   -0.0703518   -0.00142454   1.65555e-07             0
   -0.0659548   -0.00142828   1.77196e-07             0
   -0.0615578   -0.00143246   1.91406e-07             0
   -0.0571608   -0.00143684   2.07533e-07   1.10416e-22
   -0.0527638   -0.00144161   2.27029e-07   6.76474e-22
   -0.0483668   -0.00144689   2.51039e-07   1.08373e-21
   -0.0439698   -0.00145265   2.79437e-07   8.73741e-22
   -0.0395729   -0.00145903   3.14587e-07   1.39531e-22
   -0.0351759   -0.00146623   3.59525e-07   4.71492e-22
   -0.0307789    -0.0014745   4.19004e-07   9.72856e-22
   -0.0263819   -0.00148417   5.00087e-07   5.56534e-23
   -0.0219849    -0.0014957   6.15818e-07             0
   -0.0175879   -0.00151001   7.92558e-07             0
    -0.013191   -0.00152861   1.08937e-06   7.49393e-23
  -0.00879397   -0.00155504   1.68483e-06   3.34086e-22
  -0.00439698   -0.00159888   3.45941e-06             0
  1.55999e-17   -0.00103764  -0.000142139   2.67116e-22