#           x wallShearS... wallShearS... wallShearS...
            0    -7.626e-09   7.60763e-09    3.2402e-35


    0.0439698  -3.18637e-06   1.85097e-07   1.38855e-19


    0.0879397  -1.06469e-05  -1.02783e-07   1.28881e-19


      0.13191  -2.50447e-06   1.06673e-08   3.66718e-19


     0.175879  -1.73898e-05   1.45428e-07             0


     0.219849  -3.13691e-05   5.10756e-08     2.105e-19


     0.263819  -2.06434e-05  -4.83469e-08   2.27535e-19


     0.307789     1.231e-05  -2.38666e-07  -1.47618e-19
     0.351759   6.97949e-05  -5.04656e-07   4.49461e-19


     0.395729   0.000148998  -5.88106e-07   5.83039e-20


     0.439698   0.000222917   -5.1024e-07   3.82484e-19


     0.483668   0.000285914  -4.58269e-07  -2.32836e-19
     0.527638   0.000342356  -4.28825e-07             0
     0.571608   0.000394116  -3.88747e-07             0
     0.615578   0.000441518  -3.50341e-07    3.1577e-19
     0.659548   0.000484292  -3.09084e-07   3.34751e-19


     0.703518   0.000521881  -2.65724e-07  -2.64166e-20
     0.747487   0.000554059  -2.23653e-07   -9.8093e-20
     0.791457   0.000580124  -1.68929e-07   2.32118e-19
     0.835427   0.000599832  -1.17888e-07             0
     0.879397   0.000613038  -5.85912e-08   2.11632e-19
     0.923367   0.000618988   -5.0971e-09    2.0978e-19


     0.967337   0.000617661   2.88654e-08   3.13534e-19
      1.01131   0.000609554   7.03338e-08   3.26627e-19
      1.05528   0.000594873   1.24905e-07  -1.48957e-19


      1.09925    0.00057368   1.82202e-07  -4.52843e-20
      1.14322   0.000546628   2.27287e-07   2.89098e-20


      1.18719   0.000514398   2.69973e-07   1.01098e-19
      1.23116   0.000477462   3.27644e-07   1.58271e-19
      1.27513   0.000436285   3.58583e-07   2.84424e-20
       1.3191   0.000391552   3.33102e-07   1.85545e-20


      1.36307   0.000344564   3.43686e-07   1.11837e-19
      1.40704   0.000295636   3.57615e-07   1.39471e-19


      1.45101   0.000245292   3.66474e-07   5.28185e-20
      1.49497   0.000194261   3.71219e-07   3.54617e-21
      1.53894   0.000143097   3.72167e-07             0
      1.58291   9.23356e-05   3.69168e-07   3.71479e-21


      1.62688   4.23462e-05   3.68777e-07    1.1311e-20
      1.67085  -6.54171e-06    3.8358e-07   3.04078e-22


      1.71482  -5.39624e-05   3.38253e-07  -4.27655e-21
      1.75879  -9.97294e-05   2.88556e-07   -1.1962e-21
      1.80276    -0.0001437    2.8239e-07  -3.11646e-21
      1.84673  -0.000185668   2.77482e-07  -2.69898e-21
       1.8907  -0.000225282   2.67905e-07   3.98824e-21
      1.93467  -0.000262746   2.56764e-07   3.70748e-21
      1.97864  -0.000298113   2.44101e-07  -1.10486e-20
      2.02261  -0.000331452   2.31487e-07  -1.33374e-20
      2.06658    -0.0003628   2.19495e-07   3.56452e-21
      2.11055  -0.000392219   2.09147e-07   5.64089e-21
      2.15452  -0.000419819   1.98368e-07  -1.44993e-20
      2.19849  -0.000445703   1.85695e-07   -3.1161e-20
      2.24246  -0.000469898   1.72829e-07  -2.50409e-20
      2.28643  -0.000492473   1.60721e-07   -8.1978e-21
       2.3304  -0.000513593    1.4955e-07  -2.60509e-21
      2.37437  -0.000533377   1.39205e-07  -9.33668e-21
      2.41834  -0.000551847   1.28775e-07  -1.59403e-20
      2.46231  -0.000569039    1.1846e-07  -2.23273e-20
      2.50628  -0.000584869   1.09384e-07  -2.85028e-20
      2.55025   -0.00059955   1.01312e-07  -1.80987e-20
      2.59422   -0.00061337   9.42882e-08  -5.93919e-21
      2.63819  -0.000626353   8.76663e-08             0
      2.68216  -0.000638503   8.11316e-08   1.49037e-21
      2.72613  -0.000649846    7.4787e-08   6.83363e-21
       2.7701  -0.000660366   6.97973e-08   1.19645e-20
      2.81407  -0.000670281   6.50721e-08    9.4496e-21
      2.85804   -0.00067965   6.06195e-08   2.38135e-21
      2.90201  -0.000688509   5.64454e-08  -6.60913e-21
      2.94598  -0.000696731    5.2657e-08  -1.10002e-20
      2.98995  -0.000704409   4.91415e-08  -8.80495e-21
      3.03392  -0.000711719   4.60705e-08  -7.25714e-21
      3.07789  -0.000718705   4.36259e-08   -1.0837e-20
      3.12186  -0.000725325   4.10806e-08  -1.10754e-20
      3.16583  -0.000731629   3.82768e-08  -7.32983e-21
       3.2098  -0.000737619   3.52258e-08  -1.64879e-22
      3.25377  -0.000742871   3.23776e-08   -6.6289e-21
      3.29774  -0.000747788   2.98508e-08  -1.28942e-20
      3.34171  -0.000752398   2.76178e-08  -1.89781e-20
      3.38568  -0.000756687   2.60221e-08  -1.29128e-20
      3.42965   -0.00076081   2.43411e-08  -3.51616e-21
      3.47362  -0.000764714   2.25334e-08   1.02316e-20
      3.51759  -0.000768206   2.07513e-08   1.47002e-20
      3.56156  -0.000771547   1.91209e-08   1.43286e-20
      3.60553  -0.000774632    1.8092e-08   2.12106e-21
       3.6495    -0.0007776   1.72839e-08  -7.13827e-21
      3.69347  -0.000780466   1.66698e-08  -1.38103e-20
      3.73744  -0.000783291    1.6389e-08  -1.12298e-20
      3.78141  -0.000786097   1.61266e-08  -7.24242e-21
      3.82538  -0.000788799   1.54588e-08  -6.79762e-21
      3.86935  -0.000791393   1.46966e-08  -7.66289e-21
      3.91332  -0.000793776   1.37493e-08  -1.10991e-20
      3.95729  -0.000796114   1.32204e-08  -1.08056e-20
      4.00126  -0.000798414   1.30554e-08  -7.26925e-21
      4.04523  -0.000800696   1.28367e-08  -3.89758e-21
       4.0892  -0.000802972   1.25945e-08  -5.97975e-22
      4.13317  -0.000805195   1.23502e-08             0
      4.17714  -0.000807407   1.21054e-08             0
      4.22111  -0.000809584   1.21077e-08  -1.13212e-21
      4.26508  -0.000811757   1.21364e-08  -2.38476e-21
      4.30905  -0.000813937   1.24842e-08  -3.56809e-21
      4.35302  -0.000816117   1.28488e-08  -4.74776e-21
      4.39698  -0.000818495   1.37071e-08  -3.64902e-21
      4.44095  -0.000820882    1.4588e-08  -2.44558e-21
      4.48492  -0.000823518    1.5294e-08   5.94723e-22
      4.52889  -0.000826176   1.59851e-08   3.79101e-21
      4.57286  -0.000829006   1.65196e-08   8.42155e-21
      4.61683  -0.000831867   1.70256e-08   1.33132e-20
       4.6608   -0.00083486   1.74766e-08   1.52347e-20
      4.70477  -0.000837903   1.79069e-08   1.60465e-20


      4.74874  -0.000841013   1.82704e-08   1.32385e-20
      4.79271  -0.000844173   1.85828e-08   7.66491e-21
      4.83668  -0.000847384   1.88853e-08   2.83279e-21
      4.88065  -0.000850686   1.91701e-08  -6.91428e-22
      4.92462     -0.000854   1.94133e-08  -3.72765e-21
      4.96859  -0.000857403   1.93256e-08  -2.88709e-21
      5.01256  -0.000860807    1.9238e-08  -2.04654e-21
      5.05653  -0.000864064   1.87182e-08  -1.23285e-21
       5.1005  -0.000867288    1.8101e-08  -4.25218e-22
      5.14447   -0.00087034   1.74093e-08   6.84678e-22
      5.18844  -0.000873199   1.66346e-08   2.13067e-21
      5.23241  -0.000876034   1.58689e-08   3.57251e-21
      5.27638  -0.000878597   1.52026e-08   4.96872e-21
      5.32035   -0.00088116   1.45363e-08   6.36493e-21
      5.36432  -0.000883563   1.38072e-08   5.96624e-21
      5.40829  -0.000885878   1.30433e-08   4.57726e-21
      5.45226  -0.000888129   1.22541e-08   3.19577e-21
      5.49623  -0.000890032   1.13275e-08   1.85482e-21
       5.5402  -0.000891936    1.0401e-08   5.13868e-22
      5.58417  -0.000893586   9.51869e-09             0
      5.62814  -0.000895078   8.66393e-09             0
      5.67211  -0.000896561   7.81334e-09             0
      5.71608  -0.000897718    7.1195e-09             0
      5.76005  -0.000898875   6.42566e-09             0
      5.80402  -0.000899931   5.81589e-09             0
      5.84799  -0.000900824   5.34193e-09             0
      5.89196  -0.000901716   4.86797e-09             0
      5.93593  -0.000902513   4.41766e-09             0
       5.9799  -0.000903266   3.97822e-09             0
      6.02387  -0.000904019   3.53878e-09             0
      6.06784  -0.000904554    3.0897e-09             0
      6.11181  -0.000905072   2.63993e-09             0
      6.15578  -0.000905568   2.21607e-09             0
      6.19975  -0.000905903   1.97467e-09             0
      6.24372  -0.000906237   1.73327e-09             0
      6.28769  -0.000906556   1.53071e-09             0
      6.33166  -0.000906829   1.43935e-09             0
      6.37563  -0.000907102   1.34798e-09             0
       6.4196  -0.000907357    1.2954e-09             0
      6.46357  -0.000907575   1.31982e-09             0
      6.50754  -0.000907794   1.34423e-09             0
      6.55151  -0.000908021   1.38452e-09  -3.06203e-22
      6.59548  -0.000908262   1.45406e-09  -1.17683e-21
      6.63945  -0.000908503   1.52361e-09  -2.04746e-21
      6.68342  -0.000908742   1.57384e-09  -2.90678e-21
      6.72739  -0.000908974   1.58059e-09  -3.74066e-21
      6.77136  -0.000909206   1.58735e-09  -4.57454e-21
      6.81533  -0.000909439   1.58387e-09  -5.07165e-21
       6.8593  -0.000909673   1.53986e-09  -4.23517e-21
      6.90327  -0.000909906   1.49585e-09  -3.39868e-21
      6.94724  -0.000910139   1.45011e-09  -2.56336e-21
      6.99121  -0.000910346   1.35293e-09  -1.76266e-21
      7.03518  -0.000910552   1.25574e-09  -9.61964e-22
      7.07915  -0.000910758   1.15855e-09  -1.61267e-22
      7.12312  -0.000910897   1.09039e-09  -2.60409e-22
      7.16709  -0.000911018   1.02954e-09  -5.86494e-22
      7.21106  -0.000911139   9.68701e-10  -9.12579e-22
      7.25503  -0.000911271   9.61036e-10  -1.22584e-21
      7.29899  -0.000911412   1.00676e-09  -1.52623e-21
      7.34296  -0.000911554   1.05249e-09  -1.82662e-21
      7.38693  -0.000911701   1.10043e-09  -2.04584e-21
       7.4309  -0.000911884   1.16289e-09  -1.73236e-21
      7.47487  -0.000912066   1.22535e-09  -1.41888e-21
      7.51884  -0.000912249   1.28782e-09  -1.10541e-21
      7.56281  -0.000912473   1.43231e-09  -4.87279e-22
      7.60678  -0.000912715   1.61248e-09   2.63316e-22
      7.65075  -0.000912957   1.79265e-09   1.01391e-21
      7.69472  -0.000913232   1.98895e-09   1.69809e-21
      7.73869  -0.000913641   2.25324e-09    2.1023e-21
      7.78266  -0.000914051   2.51753e-09   2.50651e-21
      7.82663  -0.000914461   2.78183e-09   2.91072e-21
       7.8706   -0.00091496   2.92074e-09   2.79265e-21
      7.91457  -0.000915516   2.98121e-09   2.34786e-21
      7.95854  -0.000916072   3.04168e-09   1.90307e-21
      8.00251  -0.000916628   3.10216e-09   1.45827e-21
      8.04648  -0.000917219   3.14213e-09   1.06878e-21
      8.09045  -0.000917811   3.18137e-09   6.81239e-22
      8.13442  -0.000918404   3.22062e-09   2.93701e-22
      8.17839  -0.000919022   3.32967e-09             0
      8.22236  -0.000919721   3.65719e-09             0
      8.26633   -0.00092042    3.9847e-09             0
       8.3103  -0.000921119   4.31222e-09             0
      8.35427  -0.000921943   4.68051e-09             0
      8.39824  -0.000922925   5.10013e-09             0
      8.44221  -0.000923907   5.51975e-09             0
      8.48618  -0.000924889   5.93936e-09             0
      8.53015  -0.000926023   6.29416e-09  -5.99659e-23
      8.57412  -0.000927274   6.59923e-09  -1.65934e-22
      8.61809  -0.000928524    6.9043e-09  -2.71903e-22
      8.66206  -0.000929775   7.20938e-09  -3.77872e-22
      8.70603  -0.000931122   7.44472e-09   -4.7583e-22
         8.75  -0.000932529   7.63553e-09   -5.6867e-22