#           x wallShearS... wallShearS... wallShearS...
       -0.875   -0.00131127   5.02816e-07  -4.68483e-22
    -0.870603   -0.00131528   4.72352e-07  -4.68157e-22
    -0.866206   -0.00131928   4.41887e-07  -4.67831e-22
    -0.861809   -0.00132328   4.11422e-07  -4.67504e-22
    -0.857412   -0.00132728   3.80957e-07  -4.67178e-22
    -0.853015   -0.00133129   3.50492e-07  -4.66852e-22
    -0.848618   -0.00133529   3.20027e-07  -4.66526e-22
    -0.844221   -0.00133929   2.89562e-07    -4.662e-22
    -0.839824   -0.00134329   2.59097e-07  -4.65874e-22
    -0.835427    -0.0013473   2.28632e-07  -4.65547e-22
     -0.83103    -0.0013513   1.98167e-07  -4.65221e-22
    -0.826633    -0.0013553   1.67702e-07  -4.64895e-22
    -0.822236    -0.0013593   1.37238e-07  -4.64569e-22
    -0.817839   -0.00136331   1.06773e-07  -4.64243e-22
    -0.813442   -0.00136731   7.63077e-08  -4.63916e-22
    -0.809045   -0.00137107   4.71459e-08  -4.63625e-22
    -0.804648   -0.00137031   4.21865e-08  -4.63976e-22
    -0.800251   -0.00136955   3.72271e-08  -4.64328e-22
    -0.795854    -0.0013688   3.22677e-08  -4.64679e-22
    -0.791457   -0.00136804   2.73083e-08   -4.6503e-22
     -0.78706   -0.00136728   2.23489e-08  -4.65382e-22
    -0.782663   -0.00136652   1.73895e-08  -4.65733e-22
    -0.778266   -0.00136577   1.24301e-08  -4.66085e-22
    -0.773869   -0.00136501   7.47076e-09  -4.66436e-22
    -0.769472   -0.00136425   2.51137e-09  -4.66787e-22
    -0.765075   -0.00136349  -2.44802e-09  -4.67139e-22
    -0.760678   -0.00136274  -7.40741e-09   -4.6749e-22
    -0.756281   -0.00136198  -1.23668e-08  -4.67842e-22
    -0.751884   -0.00136122  -1.73262e-08  -4.68193e-22
    -0.747487   -0.00136046  -2.22856e-08  -4.68545e-22
     -0.74309   -0.00135971   -2.7245e-08  -4.68896e-22
    -0.738693   -0.00135895  -3.22044e-08  -4.69247e-22
    -0.734296   -0.00135819  -3.71638e-08  -4.69599e-22
    -0.729899   -0.00135743  -4.21231e-08   -4.6995e-22
    -0.725503   -0.00135648  -4.36576e-08  -4.70246e-22
    -0.721106   -0.00135537  -4.23601e-08  -4.70496e-22
    -0.716709   -0.00135426  -4.10625e-08  -4.70746e-22
    -0.712312   -0.00135315  -3.97649e-08  -4.70997e-22
    -0.707915   -0.00135204  -3.84674e-08  -4.71247e-22
    -0.703518   -0.00135094  -3.71698e-08  -4.71497e-22
    -0.699121   -0.00134983  -3.58722e-08  -4.71747e-22
    -0.694724   -0.00134872  -3.45747e-08  -4.71997e-22
    -0.690327   -0.00134761  -3.32771e-08  -4.72247e-22
     -0.68593    -0.0013465  -3.19796e-08  -4.72498e-22
    -0.681533   -0.00134539   -3.0682e-08  -4.72748e-22
    -0.677136   -0.00134428  -2.93844e-08  -4.72998e-22
    -0.672739   -0.00134317  -2.80869e-08  -4.73248e-22
    -0.668342   -0.00134206  -2.67893e-08  -4.73498e-22
    -0.663945   -0.00134095  -2.54917e-08  -4.73748e-22
    -0.659548   -0.00133984  -2.41942e-08  -4.73999e-22
    -0.655151   -0.00133873  -2.28966e-08  -4.74249e-22
    -0.650754   -0.00133824  -2.12262e-08  -4.74483e-22
    -0.646357   -0.00133783  -1.95085e-08  -4.74715e-22
     -0.64196   -0.00133742  -1.77908e-08  -4.74947e-22
    -0.637563   -0.00133701  -1.60731e-08  -4.75179e-22
    -0.633166   -0.00133659  -1.43555e-08  -4.75411e-22
    -0.628769   -0.00133618  -1.26378e-08  -4.75643e-22
    -0.624372   -0.00133577  -1.09201e-08  -4.75875e-22
    -0.619975   -0.00133536  -9.20241e-09  -4.76107e-22
    -0.615578   -0.00133495  -7.48472e-09  -4.76339e-22
    -0.611181   -0.00133453  -5.76703e-09  -4.76571e-22
    -0.606784   -0.00133412  -4.04935e-09  -4.76803e-22
    -0.602387   -0.00133371  -2.33166e-09  -4.77035e-22
     -0.59799    -0.0013333  -6.13978e-10  -4.77267e-22
    -0.593593   -0.00133289   1.10371e-09  -4.77499e-22
    -0.589196   -0.00133247   2.82139e-09  -4.77731e-22
    -0.584799   -0.00133249   4.12434e-09  -4.61918e-22
    -0.580402   -0.00133256   5.37471e-09  -4.44071e-22
    -0.576005   -0.00133263   6.62508e-09  -4.26224e-22
    -0.571608    -0.0013327   7.87545e-09  -4.08376e-22
    -0.567211   -0.00133277   9.12583e-09  -3.90529e-22
    -0.562814   -0.00133284   1.03762e-08  -3.72682e-22
    -0.558417   -0.00133291   1.16266e-08  -3.54835e-22
     -0.55402   -0.00133298   1.28769e-08  -3.36988e-22
    -0.549623   -0.00133305   1.41273e-08  -3.19141e-22
    -0.545226   -0.00133312   1.53777e-08  -3.01294e-22
    -0.540829   -0.00133319   1.66281e-08  -2.83447e-22
    -0.536432   -0.00133326   1.78784e-08    -2.656e-22
    -0.532035   -0.00133332   1.91288e-08  -2.47753e-22
    -0.527638   -0.00133348   2.02453e-08  -2.29286e-22
    -0.523241   -0.00133378   2.11454e-08  -2.09818e-22
    -0.518844   -0.00133408   2.20454e-08   -1.9035e-22
    -0.514447   -0.00133437   2.29455e-08  -1.70881e-22
     -0.51005   -0.00133467   2.38456e-08  -1.51413e-22
    -0.505653   -0.00133497   2.47457e-08  -1.31945e-22
    -0.501256   -0.00133527   2.56458e-08  -1.12476e-22
    -0.496859   -0.00133556   2.65458e-08  -9.30079e-23
    -0.492462   -0.00133586   2.74459e-08  -7.35396e-23
    -0.488065   -0.00133616    2.8346e-08  -5.40712e-23
    -0.483668   -0.00133645   2.92461e-08  -3.46029e-23
    -0.479271   -0.00133675   3.01461e-08  -1.51346e-23
    -0.474874   -0.00133708    3.1009e-08             0
    -0.470477   -0.00133751   3.17419e-08             0
     -0.46608   -0.00133795   3.24747e-08             0
    -0.461683   -0.00133838   3.32076e-08             0
    -0.457286   -0.00133882   3.39405e-08             0
    -0.452889   -0.00133925   3.46734e-08             0
    -0.448492   -0.00133969   3.54062e-08             0
    -0.444095   -0.00134012   3.61391e-08             0
    -0.439698   -0.00134056    3.6872e-08             0
    -0.435302   -0.00134099   3.76048e-08             0
    -0.430905   -0.00134143   3.83377e-08             0
    -0.426508   -0.00134189   3.90723e-08             0
    -0.422111   -0.00134243   3.98113e-08             0
    -0.417714   -0.00134298   4.05503e-08             0
    -0.413317   -0.00134352   4.12894e-08             0
     -0.40892   -0.00134406   4.20284e-08             0
    -0.404523    -0.0013446   4.27675e-08             0
    -0.400126   -0.00134514   4.35065e-08             0
    -0.395729   -0.00134569   4.42455e-08             0
    -0.391332   -0.00134623   4.49846e-08             0
    -0.386935   -0.00134677   4.57236e-08             0
    -0.382538   -0.00134735   4.65123e-08   1.17999e-23
    -0.378141     -0.001348   4.73703e-08   4.00611e-23
    -0.373744   -0.00134864   4.82284e-08   6.83223e-23
    -0.369347   -0.00134928   4.90864e-08   9.65835e-23
     -0.36495   -0.00134993   4.99444e-08   1.24845e-22
    -0.360553   -0.00135057   5.08025e-08   1.53106e-22
    -0.356156   -0.00135121   5.16605e-08   1.81367e-22
    -0.351759   -0.00135186   5.25185e-08   2.09628e-22
    -0.347362    -0.0013525   5.33766e-08    2.3789e-22
    -0.342965    -0.0013532   5.43335e-08   2.67762e-22
    -0.338568   -0.00135394   5.53738e-08   2.98992e-22
    -0.334171   -0.00135469    5.6414e-08   3.30222e-22
    -0.329774   -0.00135544   5.74543e-08   3.61452e-22
    -0.325377   -0.00135618   5.84946e-08   3.92682e-22
     -0.32098   -0.00135693   5.95349e-08   4.23912e-22
    -0.316583   -0.00135768   6.05751e-08   4.55142e-22
    -0.312186   -0.00135842   6.16154e-08   4.86372e-22
    -0.307789   -0.00135923   6.27974e-08   4.81154e-22
    -0.303392   -0.00136008   6.40945e-08   4.46358e-22
    -0.298995   -0.00136094   6.53915e-08   4.11562e-22
    -0.294598    -0.0013618   6.66886e-08   3.76766e-22
    -0.290201   -0.00136265   6.79857e-08    3.4197e-22
    -0.285804   -0.00136351   6.92827e-08   3.07174e-22
    -0.281407   -0.00136437   7.05798e-08   2.72377e-22
     -0.27701   -0.00136527   7.19819e-08   2.36221e-22
    -0.272613   -0.00136624   7.35728e-08   1.97622e-22
    -0.268216   -0.00136722   7.51637e-08   1.59023e-22
    -0.263819    -0.0013682   7.67546e-08   1.20424e-22
    -0.259422   -0.00136918   7.83455e-08   8.18255e-23
    -0.255025   -0.00137015   7.99364e-08   4.32265e-23
    -0.250628   -0.00137113   8.15273e-08    4.6276e-24
    -0.246231   -0.00137222   8.33814e-08             0
    -0.241834   -0.00137333   8.52713e-08             0
    -0.237437   -0.00137443   8.71613e-08             0
     -0.23304   -0.00137554   8.90512e-08             0
    -0.228643   -0.00137664   9.09412e-08             0
    -0.224246   -0.00137776   9.28474e-08  -4.73465e-24
    -0.219849     -0.001379   9.50771e-08  -1.03325e-22
    -0.215452   -0.00138024   9.73068e-08  -2.01914e-22
    -0.211055   -0.00138148   9.95364e-08  -3.00504e-22
    -0.206658   -0.00138272   1.01766e-07  -3.99094e-22
    -0.202261   -0.00138395   1.03996e-07  -4.97684e-22
    -0.197864    -0.0013853   1.06604e-07  -6.05109e-22
    -0.193467   -0.00138668   1.09309e-07  -7.14783e-22
     -0.18907   -0.00138806   1.12014e-07  -8.24458e-22
    -0.184673   -0.00138944   1.14719e-07  -9.34132e-22
    -0.180276   -0.00139083   1.17471e-07  -1.02778e-21
    -0.175879   -0.00139235   1.20847e-07  -9.06256e-22
    -0.171482   -0.00139387   1.24223e-07  -7.84731e-22
    -0.167085    -0.0013954   1.27599e-07  -6.63206e-22
    -0.162688   -0.00139692   1.30975e-07  -5.41681e-22
    -0.158291   -0.00139858   1.35072e-07  -4.08882e-22
    -0.153894   -0.00140026   1.39336e-07  -2.73484e-22
    -0.149497   -0.00140195   1.43599e-07  -1.38087e-22
    -0.145101   -0.00140363   1.47863e-07  -2.68911e-24
    -0.140704   -0.00140549    1.5331e-07             0
    -0.136307   -0.00140735   1.58781e-07             0
     -0.13191   -0.00140922   1.64252e-07             0
    -0.127513   -0.00141118   1.70625e-07             0
    -0.123116   -0.00141325   1.77801e-07             0
    -0.118719   -0.00141531   1.84976e-07             0
    -0.114322   -0.00141747    1.9315e-07   4.04066e-23
    -0.109925   -0.00141977   2.02686e-07   1.35998e-22
    -0.105528   -0.00142207   2.12223e-07    2.3159e-22
    -0.101131   -0.00142453   2.23662e-07    3.3402e-22
   -0.0967337   -0.00142711   2.36242e-07   4.40544e-22
   -0.0923367   -0.00142971   2.49243e-07   5.23066e-22
   -0.0879397    -0.0014326   2.65767e-07   4.05173e-22
   -0.0835427   -0.00143549   2.82291e-07    2.8728e-22
   -0.0791457   -0.00143869   3.03078e-07   1.58018e-22
   -0.0747487   -0.00144195    3.2468e-07   2.65799e-23
   -0.0703518   -0.00144555   3.51682e-07             0
   -0.0659548   -0.00144923   3.80053e-07             0
   -0.0615578    -0.0014534   4.17015e-07   1.58227e-22
   -0.0571608   -0.00145775   4.57942e-07   3.84793e-22
   -0.0527638   -0.00146251   5.07097e-07   7.52187e-22
   -0.0483668    -0.0014678   5.69074e-07   8.21348e-22
   -0.0439698   -0.00147358   6.43823e-07     6.077e-22
   -0.0395729   -0.00148001   7.36914e-07   2.74891e-22
   -0.0351759   -0.00148728    8.5697e-07   3.26085e-22
   -0.0307789   -0.00149564   1.01717e-06   4.90553e-22
   -0.0263819   -0.00150542   1.23793e-06   1.66314e-22
   -0.0219849   -0.00151703   1.55042e-06             0
   -0.0175879   -0.00153136   2.02963e-06             0
    -0.013191   -0.00154971   2.82024e-06   3.53002e-22
  -0.00879397   -0.00157515   4.36848e-06   5.83522e-22
  -0.00439698   -0.00161445   8.29026e-06             0
 -3.64592e-17  -0.000959558  -0.000121503   2.65804e-22