#           x wallShearS... wallShearS... wallShearS...
            0  -1.64192e-09   1.66133e-09             0


    0.0439698  -3.19148e-06   9.68167e-08   1.66041e-23


    0.0879397  -1.24714e-05  -5.19197e-08   7.25161e-20


      0.13191  -3.06876e-06   7.37846e-10   7.24868e-19


     0.175879  -1.85511e-05   9.04341e-08             0


     0.219849  -3.48762e-05    3.6381e-08    1.6346e-24


     0.263819  -3.18262e-05  -5.14472e-08   6.94545e-19


     0.307789  -2.85982e-06  -2.07157e-07   1.87909e-23


     0.351759    5.6891e-05  -2.67072e-07   8.71017e-19


     0.395729   0.000136986  -2.98771e-07             0


     0.439698   0.000210307  -2.60452e-07   9.03951e-19


     0.483668   0.000273734  -2.33791e-07   4.94783e-23
     0.527638   0.000331042  -2.23321e-07             0
     0.571608   0.000383556  -2.06602e-07             0
     0.615578   0.000431498  -1.89501e-07   6.35877e-19


     0.659548   0.000474772    -1.715e-07   3.62867e-19
     0.703518   0.000513177  -1.52317e-07  -3.52755e-24
     0.747487   0.000546228  -1.29838e-07             0
     0.791457    0.00057339  -1.05001e-07   6.40985e-19
     0.835427   0.000594255   -7.9116e-08             0
     0.879397   0.000608343  -5.15728e-08   3.79353e-19
     0.923367   0.000615291  -2.25599e-08   1.69422e-19
     0.967337   0.000615049   7.80419e-09   7.07187e-19
      1.01131   0.000607628   3.77878e-08   7.49405e-19
      1.05528   0.000593253   6.65132e-08  -4.75526e-19
      1.09925   0.000572331   9.38079e-08    9.9198e-20
      1.14322   0.000545496     1.176e-07             0


      1.18719   0.000513384    1.3967e-07   2.49667e-20
      1.23116   0.000476476   1.59482e-07    2.9464e-19
      1.27513   0.000435371   1.75579e-07             0
       1.3191   0.000391082   1.88115e-07             0


      1.36307   0.000344317   1.97813e-07   1.29569e-19
      1.40704   0.000295609   2.04852e-07   2.83406e-19


      1.45101   0.000245718   2.09185e-07   1.12346e-20
      1.49497   0.000195118   2.10812e-07             0
      1.53894   0.000144494    2.0999e-07             0
      1.58291   9.44228e-05   2.06877e-07             0
      1.62688   4.52237e-05   2.01688e-07   1.91202e-23


      1.67085  -2.66935e-06   2.24881e-07  -2.08946e-21


      1.71482  -4.90461e-05   1.65481e-07  -5.73216e-21
      1.75879  -9.36388e-05     1.655e-07  -5.86821e-23
      1.80276  -0.000136324   1.61799e-07  -9.01871e-21
      1.84673  -0.000176985   1.55342e-07  -3.19377e-21
       1.8907  -0.000215362   1.47608e-07             0
      1.93467  -0.000251623   1.39909e-07             0
      1.97864  -0.000285793   1.31737e-07  -3.09243e-20
      2.02261  -0.000317914   1.24082e-07  -4.31215e-20
      2.06658  -0.000348097   1.16438e-07  -7.98983e-23
      2.11055  -0.000376324   1.08951e-07             0
      2.15452  -0.000402778   1.02199e-07  -6.94495e-22


      2.19849  -0.000427561   9.55604e-08  -5.43622e-20
      2.24246  -0.000450719   8.93166e-08  -5.61468e-20
      2.28643  -0.000472362   8.34372e-08  -2.10814e-21
       2.3304  -0.000492573   7.78755e-08             0
      2.37437  -0.000511501   7.34259e-08             0
      2.41834  -0.000529258   6.90049e-08             0
      2.46231  -0.000545835    6.4041e-08  -2.45936e-21
      2.50628  -0.000561218   5.96105e-08  -5.11686e-20


      2.55025  -0.000575569   5.55973e-08  -1.36812e-20
      2.59422  -0.000589021    5.2016e-08             0
      2.63819  -0.000601674    4.9035e-08             0
      2.68216  -0.000613598   4.59478e-08             0
      2.72613  -0.000624752   4.25467e-08             0
       2.7701  -0.000635086   4.00153e-08             0
      2.81407  -0.000644908    3.7916e-08             0
      2.85804  -0.000654182   3.56406e-08             0
      2.90201  -0.000662938   3.35415e-08  -1.83452e-21
      2.94598  -0.000671175    3.1763e-08  -1.89542e-20
      2.98995  -0.000678991   2.99795e-08  -1.06386e-20
      3.03392  -0.000686344   2.82339e-08             0
      3.07789  -0.000693337   2.68577e-08             0
      3.12186   -0.00069998   2.57133e-08  -2.41496e-20


      3.16583  -0.000706346   2.43641e-08   3.46441e-21
       3.2098  -0.000712376   2.27994e-08   4.81927e-20
      3.25377  -0.000717942   2.12216e-08  -1.70864e-20
      3.29774  -0.000723139   1.96674e-08  -4.06972e-20
      3.34171  -0.000727988   1.82062e-08  -9.65013e-21
      3.38568  -0.000732442   1.70459e-08  -1.98274e-20


      3.42965  -0.000736677   1.61594e-08  -3.55289e-21
      3.47362  -0.000740702   1.52489e-08   4.23812e-20
      3.51759  -0.000744466   1.41414e-08   3.21345e-20
      3.56156  -0.000747929   1.29967e-08   6.09348e-21
      3.60553  -0.000751138   1.21636e-08  -3.22295e-21
       3.6495  -0.000754184   1.16077e-08  -2.08884e-20
      3.69347  -0.000757111   1.11216e-08  -3.98939e-20
      3.73744  -0.000759903   1.07099e-08  -2.83146e-20
      3.78141  -0.000762642   1.05825e-08   -6.0189e-21
      3.82538  -0.000765341   1.05111e-08  -1.57194e-21
      3.86935  -0.000768006    1.0257e-08  -1.31635e-20
      3.91332  -0.000770561   9.70795e-09  -3.02379e-20
      3.95729  -0.000772969   9.13329e-09  -2.88781e-20
      4.00126  -0.000775281   8.91257e-09  -1.16868e-20
      4.04523  -0.000777578   9.00801e-09  -1.49687e-21
       4.0892  -0.000779908   9.00979e-09             0
      4.13317    -0.0007822   8.76312e-09             0
      4.17714  -0.000784444   8.52854e-09             0
      4.22111   -0.00078664   8.47907e-09             0
      4.26508   -0.00078884   8.40854e-09             0
      4.30905     -0.000791   8.28325e-09             0
      4.35302   -0.00079315   8.18412e-09             0
      4.39698  -0.000795295   8.33376e-09             0
      4.44095  -0.000797525   8.76117e-09             0
      4.48492  -0.000799873   9.30966e-09             0
      4.52889  -0.000802358   9.76394e-09   3.46171e-21
      4.57286  -0.000804935   1.01015e-08   1.36317e-20
      4.61683  -0.000807602   1.04363e-08   2.46394e-20
       4.6608  -0.000810352    1.0819e-08   2.99045e-20


      4.70477  -0.000813203   1.11975e-08   2.84235e-20
      4.74874  -0.000816144   1.15486e-08   2.06926e-20
      4.79271  -0.000819172   1.18686e-08   1.02627e-20
      4.83668  -0.000822281   1.21488e-08   2.52107e-21
      4.88065  -0.000825444   1.24047e-08             0
      4.92462  -0.000828683   1.26811e-08             0
      4.96859  -0.000831987   1.29182e-08             0
      5.01256  -0.000835354   1.29847e-08             0
      5.05653  -0.000838697    1.2894e-08             0
       5.1005  -0.000842003   1.26364e-08             0
      5.14447  -0.000845216   1.22553e-08             0
      5.18844  -0.000848311   1.18003e-08   7.58904e-22
      5.23241  -0.000851306   1.12976e-08   3.91916e-21
      5.27638  -0.000854115    1.0782e-08   1.18589e-20
      5.32035  -0.000856819   1.03133e-08   1.73946e-20
      5.36432  -0.000859403   9.87276e-09    1.5847e-20
      5.40829  -0.000861884   9.44338e-09   9.62989e-21
      5.45226  -0.000864273   9.00877e-09   2.76695e-21
      5.49623  -0.000866524    8.5478e-09   2.82337e-22
       5.5402  -0.000868645   8.00368e-09             0
      5.58417  -0.000870612   7.42424e-09             0
      5.62814  -0.000872438   6.84247e-09             0
      5.67211  -0.000874142   6.28979e-09             0
      5.71608  -0.000875657   5.79904e-09             0
      5.76005  -0.000877074   5.35243e-09             0
      5.80402   -0.00087839   4.93987e-09             0
      5.84799  -0.000879607   4.55398e-09             0
      5.89196  -0.000880717   4.21494e-09             0
      5.93593  -0.000881747   3.90969e-09             0
       5.9799  -0.000882714   3.62304e-09             0
      6.02387  -0.000883621   3.34326e-09             0
      6.06784   -0.00088443   3.06965e-09             0
      6.11181   -0.00088518     2.789e-09             0
      6.15578   -0.00088587    2.5048e-09             0
      6.19975  -0.000886463   2.24282e-09             0
      6.24372  -0.000886999   2.00419e-09             0
      6.28769  -0.000887489   1.79088e-09             0
      6.33166  -0.000887918   1.62022e-09             0
      6.37563  -0.000888312   1.49377e-09             0
       6.4196  -0.000888681   1.39087e-09             0
      6.46357  -0.000889021   1.31235e-09             0
      6.50754  -0.000889346   1.26566e-09             0
      6.55151  -0.000889661   1.23162e-09             0
      6.59548  -0.000889961      1.21e-09             0
      6.63945  -0.000890265   1.22112e-09  -1.38207e-21
      6.68342  -0.000890566   1.22526e-09  -4.03014e-21
      6.72739  -0.000890863   1.19858e-09  -8.88885e-21
      6.77136  -0.000891151   1.16777e-09   -1.2458e-20
      6.81533  -0.000891431   1.13348e-09  -1.43233e-20
       6.8593  -0.000891694    1.0907e-09  -1.11013e-20
      6.90327  -0.000891953   1.05642e-09  -6.97551e-21
      6.94724  -0.000892209   1.02671e-09  -2.39155e-21
      6.99121  -0.000892449   9.75776e-10  -8.82233e-22
      7.03518   -0.00089268   9.10926e-10             0
      7.07915  -0.000892896   8.26503e-10             0
      7.12312  -0.000893078   7.25645e-10             0
      7.16709  -0.000893245   6.20893e-10             0
      7.21106  -0.000893376   5.17572e-10             0
      7.25503  -0.000893488   4.49478e-10             0
      7.29899  -0.000893582   4.16751e-10             0
      7.34296  -0.000893685    4.4443e-10             0
      7.38693  -0.000893792   4.87781e-10             0
       7.4309  -0.000893914    5.4436e-10             0
      7.47487  -0.000894049   6.00748e-10             0
      7.51884  -0.000894202   6.56863e-10             0
      7.56281  -0.000894371   7.20532e-10             0
      7.60678  -0.000894547   7.87487e-10             0
      7.65075  -0.000894761   8.68228e-10   8.77665e-22
      7.69472  -0.000894986   9.64057e-10     2.125e-21
      7.73869  -0.000895246   1.12006e-09   4.71262e-21
      7.78266  -0.000895546   1.31189e-09   6.86826e-21
      7.82663  -0.000895906    1.5567e-09   8.38514e-21
       7.8706   -0.00089634   1.77122e-09   7.86491e-21
      7.91457  -0.000896822    1.9668e-09   6.07031e-21
      7.95854  -0.000897354   2.06715e-09   3.81361e-21
      8.00251  -0.000897899   2.14226e-09   1.43444e-21
      8.04648  -0.000898478   2.15625e-09   6.51182e-22
      8.09045  -0.000899057   2.16351e-09             0
      8.13442  -0.000899629    2.1314e-09             0
      8.17839  -0.000900202   2.12712e-09             0
      8.22236  -0.000900778   2.20991e-09             0
      8.26633  -0.000901375   2.32107e-09             0
       8.3103  -0.000902012   2.48671e-09             0
      8.35427  -0.000902688   2.67133e-09             0
      8.39824  -0.000903412   2.87983e-09             0
      8.44221  -0.000904191   3.11521e-09             0
      8.48618  -0.000905024     3.377e-09             0
      8.53015  -0.000905938   3.61208e-09             0
      8.57412  -0.000906915   3.82668e-09             0
      8.61809  -0.000907934   3.98999e-09             0
      8.66206  -0.000908984   4.11737e-09             0
      8.70603  -0.000910066   4.22163e-09             0
         8.75  -0.000911169    4.3111e-09             0