 # Splined data: y U K O 
 -1.0000000000000      0.0000000000000      0.0000000000000      0.0000000000000    
-0.99599999189377     0.44110049679578     0.44152275659144E-02  86.575416564941    
-0.99199998378754     0.53433593443163     0.49985214136541E-02  43.824314117432    
-0.98799997568130     0.58050006607058     0.51043336279690E-02  29.051940917969    
-0.98400002717972     0.61261189012448     0.51397937349975E-02  21.956979751587    
-0.98000001907349     0.63708775191961     0.51433802582324E-02  17.535701751709    
-0.97600001096725     0.65660100746504     0.51295319572091E-02  14.589442253113    
-0.97200000286102     0.67283023141607     0.51059979014099E-02  12.534485816956    
-0.96799999475479     0.68686614765388     0.50788167864084E-02  10.988032341003    
-0.96399998664856     0.69923892954983     0.50492198206484E-02  9.7818565368652    
-0.95999997854233     0.71021503439714     0.50176568329334E-02  8.8316764831543    
-0.95599997043610     0.72017867985064     0.49847126938403E-02  8.0490846633911    
-0.95200002193451     0.72932152719241     0.49506761133671E-02  7.3914990425110    
-0.94800001382828     0.73769493224760     0.49156323075294E-02  6.8419213294983    
-0.94400000572205     0.74542929853299     0.48797614872456E-02  6.3747553825378    
-0.93999999761581     0.75267472155936     0.48432592302561E-02  5.9664130210876    
-0.93599998950958     0.75948087885690     0.48061856068671E-02  5.6078100204468    
-0.93199998140335     0.76586567223830     0.47685578465462E-02  5.2939939498901    
-0.92799997329712     0.77190663892977     0.47304672189057E-02  5.0146050453186    
-0.92400002479553     0.77764299508972     0.46919593587518E-02  4.7640771865845    
-0.92000001668930     0.78308833490717     0.46530379913747E-02  4.5396995544434    
-0.91600000858307     0.78827667182623     0.46137403696775E-02  4.3372163772583    
-0.91200000047684     0.79325091425417     0.45741172507405E-02  4.1521301269531    
-0.90799999237061     0.79802639061811     0.45341821387410E-02  3.9825267791748    
-0.90399998426437     0.80260735259857     0.44939294457436E-02  3.8274221420288    
-0.89999997615814     0.80701830330165     0.44533889740705E-02  3.6844596862793    
-0.89600002765656     0.81126013781801     0.44125476852059E-02  3.5530617237091    
-0.89200001955032     0.81535892566235     0.43714409694076E-02  3.4310417175293    
-0.88800001144409     0.81931813531090     0.43300664983690E-02  3.3178355693817    
-0.88400000333786     0.82315622800798     0.42884494177997E-02  3.2119927406311    
-0.87999999523163     0.82688226654627     0.42466004379094E-02  3.1127364635468    
-0.87599998712540     0.83049429291500     0.42045065201819E-02  3.0199468135834    
-0.87199997901917     0.83399885246445     0.41621695272624E-02  2.9330384731293    
-0.86799997091293     0.83740892400880     0.41196127422154E-02  2.8511130809784    
-0.86400002241135     0.84072971026237     0.40768431499600E-02  2.7737479209900    
-0.86000001430511     0.84395981264604     0.40338481776416E-02  2.7008612155914    
-0.85600000619888     0.84711204214453     0.39906543679535E-02  2.6316969394684    
-0.85199999809265     0.85019210496061     0.39472714997828E-02  2.5658805370331    
-0.84799998998642     0.85319524592531     0.39036790840328E-02  2.5035212039948    
-0.84399998188019     0.85612577266229     0.38598850369453E-02  2.4443149566650    
-0.83999997377396     0.85899487380448     0.38159161340445E-02  2.3876974582672    
-0.83600002527237     0.86180355632885     0.37717742379755E-02  2.3335492610931    
-0.83200001716614     0.86454919090667     0.37274458445609E-02  2.2819035053253    
-0.82800000905991     0.86723899420616     0.36829509772360E-02  2.2324070930481    
-0.82400000095367     0.86987559555607     0.36382945254445E-02  2.1848971843719    
-0.81999999284744     0.87245776420678     0.35934704355896E-02  2.1393594741821    
-0.81599998474121     0.87498846514601     0.35484877880663E-02  2.0956265926361    
-0.81199997663498     0.87747374023555     0.35033645108342E-02  2.0534398555756    
-0.80800002813339     0.87991465239552     0.34581043291837E-02  2.0127241611481    
-0.80400002002716     0.88230980304681     0.34127016551793E-02  1.9734781980515    
-0.80000001192093     0.88466305226777     0.33671697601676E-02  1.9355421066284    
-0.79600000381470     0.88697233016132     0.33215053845197E-02  1.8989334106445    
-0.79199999570847     0.88924278349861     0.32757241278887E-02  1.8634632825851    
-0.78799998760223     0.89147362907532     0.32298259902745E-02  1.8291171789169    
-0.78399997949600     0.89366872696982     0.31838256400079E-02  1.7957555055618    
-0.77999997138977     0.89582964359072     0.31377293635160E-02  1.7633106708527    
-0.77600002288818     0.89795436498409     0.30915371607989E-02  1.7318046092987    
-0.77200001478195     0.90004373029741     0.30452550854534E-02  1.7011874914169    
-0.76800000667572     0.90210092829105     0.29988964088261E-02  1.6713528633118    
-0.76399999856949     0.90412668622616     0.29524667188525E-02  1.6422585248947    
-0.75999999046326     0.90611960552362     0.29059674125165E-02  1.6139154434204    
-0.75599998235703     0.90808332248913     0.28594138566405E-02  1.5862168073654    
-0.75199997425079     0.91001929164498     0.28128116391599E-02  1.5591127872467    
-0.74800002574921     0.91192376479913     0.27661619242281E-02  1.5326616764069    
-0.74400001764297     0.91379853213285     0.27194751892239E-02  1.5068016052246    
-0.74000000953674     0.91564913201944     0.26727656368166E-02  1.4814081192017    
-0.73600000143051     0.91747181626687     0.26260362938046E-02  1.4565405845642    
-0.73199999332428     0.91926434714856     0.25793001987040E-02  1.4322127103806    
-0.72799998521805     0.92104227686427     0.25325634051114E-02  1.4081414937973    
-0.72399997711182     0.92278244494385     0.24858394172043E-02  1.3847099542618    
-0.72000002861023     0.92450644544884     0.24391321931034E-02  1.3615368604660    
-0.71600002050400     0.92620588690455     0.23924482520670E-02  1.3387560844421    
-0.71200001239777     0.92787786026642     0.23458104114980E-02  1.3163907527924    
-0.70800000429153     0.92953187587243     0.22992081940174E-02  1.2942891120911    
-0.70399999618530     0.93116177997449     0.22526625543833E-02  1.2725315093994    
-0.69999998807907     0.93276829983371     0.22061872296035E-02  1.2510946989059    
-0.69599997997284     0.93435093196164     0.21598013117909E-02  1.2299726009369    
-0.69199997186661     0.93591096305104     0.21135099232197E-02  1.2091356515884    
-0.68800002336502     0.93744867281775     0.20673261024058E-02  1.1885702610016    
-0.68400001525879     0.93897021500988     0.20212274976075E-02  1.1681946516037    
-0.68000000715256     0.94046758975488     0.19752695225179E-02  1.1480970382690    
-0.67599999904633     0.94194448930161     0.19294517114758E-02  1.1282213926315    
-0.67199999094009     0.94340785060250     0.18837259849533E-02  1.1084916591644    
-0.66799998283386     0.94484145013980     0.18382373964414E-02  1.0890659093857    
-0.66399997472763     0.94626408481683     0.17928460147232E-02  1.0697487592697    
-0.66000002622604     0.94766423034167     0.17476610373706E-02  1.0506490468979    
-0.65600001811981     0.94904457198622     0.17026769928634E-02  1.0317316055298    
-0.65200001001358     0.95040824256771     0.16578735085204E-02  1.0129638910294    
-0.64800000190735     0.95175132606460     0.16133101889864E-02 0.99437361955643    
-0.64399999380112     0.95307449379488     0.15690034488216E-02 0.97595208883286    
-0.63999998569489     0.95438154989374     0.15249138232321E-02 0.95766103267670    
-0.63599997758865     0.95566980908928     0.14810891589150E-02 0.93951845169067    
-0.63200002908707     0.95693759308656     0.14375837054104E-02 0.92153251171112    
-0.62800002098083     0.95819541920053     0.13942369259894E-02 0.90362119674683    
-0.62400001287460     0.95942717579978     0.13513345038518E-02 0.88590085506439    
-0.62000000476837     0.96064751999343     0.13086439576000E-02 0.86826038360596    
-0.61599999666214     0.96185052180605     0.12662758817896E-02 0.85074144601822    
-0.61199998855591     0.96303416728369     0.12243059463799E-02 0.83335584402084    
-0.60799998044968     0.96420483394714     0.11826055124402E-02 0.81605637073517    
-0.60399997234344     0.96535815822955     0.11412851745263E-02 0.79887175559998    
-0.60000002384186     0.96649458767623     0.11003584368154E-02 0.78179746866226    
-0.59600001573563     0.96761345096921     0.10598560329527E-02 0.76483476161957    
-0.59200000762939     0.96871575508545     0.10197795927525E-02 0.74797648191452    
-0.58799999952316     0.96980150002496     0.98014913965017E-03 0.73122084140778    
-0.58399999141693     0.97087538501357     0.94085489399731E-03 0.71453899145126    
-0.57999998331070     0.97193114441683     0.90208317851648E-03 0.69796758890152    
-0.57599997520447     0.97297168727930     0.86378632113338E-03 0.68148869276047    
-0.57200002670288     0.97400216037214     0.82580209709704E-03 0.66507083177567    
-0.56800001859665     0.97501047997177     0.78855821629986E-03 0.64878565073013    
-0.56400001049042     0.97601051998304     0.75160257983953E-03 0.63254934549332    
-0.56000000238419     0.97699366515858     0.71524560917169E-03 0.61641222238541    
-0.55599999427795     0.97796215322499     0.67944719921798E-03 0.60036116838455    
-0.55199998617172     0.97891811002251     0.64413202926517E-03 0.58438163995743    
-0.54799997806549     0.97985907405191     0.60942949494347E-03 0.56848812103271    
-0.54400002956390     0.98078526908584     0.57535828091204E-03 0.55267679691315    
-0.54000002145767     0.98169971605520     0.54181000450626E-03 0.53692793846130    
-0.53600001335144     0.98260062477870     0.50889147678390E-03 0.52125000953674    
-0.53200000524521     0.98348698827940     0.47669850755483E-03 0.50564306974411    
-0.52799999713898     0.98436630294136     0.44486386468634E-03 0.49006915092468    
-0.52399998903275     0.98522771579063     0.41400562622584E-03 0.47457301616669    
-0.51999998092651     0.98608163225583     0.38359724567272E-03 0.45910274982452    
-0.51599997282028     0.98692402442912     0.35387335810810E-03 0.44367191195488    
-0.51200002431870     0.98775410910618     0.32497596112080E-03 0.42826855182648    
-0.50800001621246     0.98857647362652     0.29663203167729E-03 0.41287609934807    
-0.50400000810623     0.98938865649090     0.26906179846264E-03 0.39748722314835    
-0.50000000000000     0.99019177656260     0.24228858819697E-03 0.38208240270615    
-0.49599999189377     0.99098605761429     0.21649342670571E-03 0.36660587787628    
-0.49199998378754     0.99176691230646     0.19136953051202E-03 0.35123723745346    
-0.48800003528595     0.99255470395105     0.16741002036724E-03 0.33536311984062    
-0.48399996757507     0.99334473332222     0.14385758549906E-03 0.31931233406067    
-0.48000001907349     0.99411898672097     0.12135557335569E-03 0.30304795503616    
-0.47600001096725     0.99487063908119     0.10035935702035E-03 0.28647750616074    
-0.47200000286102     0.99562217955509     0.79362980613951E-04 0.26990693807602    
-0.46799999475479     0.99641109006297     0.60710473917425E-04 0.25205507874489    
-0.46399998664856     0.99723826569547     0.44457454350777E-04 0.23289154469967    
-0.46000003814697     0.99806555321430     0.28204556656419E-04 0.21372814476490    
-0.45599997043610     0.99880903787249     0.14386248949450E-04 0.19666369259357    
-0.45200002193451     0.99923219196990     0.99002600109088E-05 0.18764516711235    
-0.44800001382828     0.99965534606730     0.54143051784195E-05 0.17862671613693    
-0.44400000572205      1.0000785001647     0.92831686515638E-06 0.16960819065571    
-0.43999999761581      1.0000967376364     0.52225766467018E-06 0.16908639669418    
-0.43599998950958      1.0000093544132     0.11806127986347E-05 0.17078134417534    
-0.43200004100800     0.99992197119002     0.18389629303783E-05 0.17247626185417    
-0.42799997329712     0.99991570555558     0.17889449281938E-05 0.17259511351585    
-0.42400002479553     0.99998854355595     0.10469756261955E-05 0.17117442190647    
-0.41999995708466      1.0000613815563     0.30500635261888E-06 0.16975373029709    
-0.41600000858307      1.0000457174702     0.41884879919962E-06 0.17015576362610    
-0.41200000047684     0.99996829213035     0.11297582886982E-05 0.17182944715023    
-0.40799999237061     0.99993562132219     0.13833005141350E-05 0.17262074351311    
-0.40400004386902      1.0000310603611     0.32839886898728E-06 0.17088766396046    
-0.39999997615814      1.0000151725023     0.10444371127960E-05 0.17233616113663    
-0.39600002765656     0.99999973218888     0.46513727625097E-06 0.17144596576691    
-0.39199995994568     0.99999917275724     0.39728593037580E-06 0.17126679420471    
-0.38800001144409     0.99999906087091     0.34696537909440E-06 0.17111200094223    
-0.38400000333786     0.99999883709825     0.32597080235064E-06 0.17106296122074    
-0.37999999523163     0.99999838955293     0.32360927093578E-06 0.17108109593391    
-0.37599998712540     0.99999805389394     0.32124771109920E-06 0.17109924554825    
-0.37199997901917     0.99999771823496     0.31828764690545E-06 0.17111638188362    
-0.36800003051758     0.99999783012128     0.31078479878488E-06 0.17112578451633    
-0.36399996280670     0.99999794200761     0.30328197908602E-06 0.17113520205021    
-0.36000001430511     0.99999805389394     0.29577921623059E-06 0.17114460468292    
-0.35600000619888     0.99999816578027     0.28827636811002E-06 0.17115402221680    
-0.35199999809265     0.99999816578027     0.28289966280681E-06 0.17116530239582    
-0.34799998998642     0.99999805389394     0.27826524728880E-06 0.17117722332478    
-0.34399998188019     0.99999805389394     0.27363088861421E-06 0.17118915915489    
-0.34000003337860     0.99999794200761     0.26899650151790E-06 0.17120109498501    
-0.33599996566772     0.99999794200761     0.26436211442160E-06 0.17121303081512    
-0.33200001716614     0.99999794200761     0.25921738711077E-06 0.17122268676758    
-0.32800000905991     0.99999794200761     0.25395326019861E-06 0.17123180627823    
-0.32400000095367     0.99999805389394     0.24868910486475E-06 0.17124091088772    
-0.31999999284744     0.99999805389394     0.24342494953089E-06 0.17125003039837    
-0.31599998474121     0.99999805389394     0.23816082261874E-06 0.17125914990902    
-0.31200003623962     0.99999805389394     0.23389419823161E-06 0.17126861214638    
-0.30799996852875     0.99999805389394     0.23007649474494E-06 0.17127822339535    
-0.30400002002716     0.99999794200761     0.22625879125826E-06 0.17128783464432    
-0.30000001192093     0.99999794200761     0.22244113040415E-06 0.17129744589329    
-0.29600000381470     0.99999794200761     0.21862342691747E-06 0.17130705714226    
-0.29199999570847     0.99999794200761     0.21452851228787E-06 0.17131528258324    
-0.28799998760223     0.99999794200761     0.21034549035903E-06 0.17132307589054    
-0.28400003910065     0.99999805389394     0.20616248264105E-06 0.17133085429668    
-0.27999997138977     0.99999805389394     0.20197946071221E-06 0.17133864760399    
-0.27600002288818     0.99999805389394     0.19824389596579E-06 0.17134669423103    
-0.27200001478195     0.99999805389394     0.19522745731138E-06 0.17135514318943    
-0.26800000667572     0.99999794200761     0.19221099023525E-06 0.17136359214783    
-0.26399999856949     0.99999794200761     0.18919452315913E-06 0.17137204110622    
-0.25999999046326     0.99999794200761     0.18541263102634E-06 0.17137879133224    
-0.25600004196167     0.99999805389394     0.18153471614823E-06 0.17138534784317    
-0.25199997425079     0.99999805389394     0.17863139589736E-06 0.17139312624931    
-0.24800002574921     0.99999805389394     0.17598470947178E-06 0.17140091955662    
-0.24400001764297     0.99999805389394     0.17274116714816E-06 0.17140766978264    
-0.24000000953674     0.99999805389394     0.16979613803869E-06 0.17141444981098    
-0.23600000143051     0.99999805389394     0.16693624615982E-06 0.17142122983933    
-0.23199999332428     0.99999805389394     0.16407634007010E-06 0.17142799496651    
-0.22799998521805     0.99999805389394     0.16121644819123E-06 0.17143477499485    
-0.22399997711182     0.99999805389394     0.15860196356243E-06 0.17144113779068    
-0.22000002861023     0.99999805389394     0.15602992675667E-06 0.17144742608070    
-0.21600002050400     0.99999805389394     0.15345790416177E-06 0.17145372927189    
-0.21200001239777     0.99999805389394     0.15088586735601E-06 0.17146001756191    
-0.20800000429153     0.99999805389394     0.14831384476111E-06 0.17146630585194    
-0.20399999618530     0.99999805389394     0.14575077500467E-06 0.17147257924080    
-0.19999998807907     0.99999805389394     0.14350588628531E-06 0.17147828638554    
-0.19599997997284     0.99999805389394     0.14126099756595E-06 0.17148399353027    
-0.19200003147125     0.99999805389394     0.13901610884659E-06 0.17148970067501    
-0.18799996376038     0.99999805389394     0.13677122012723E-06 0.17149539291859    
-0.18400001525879     0.99999805389394     0.13452633140787E-06 0.17150110006332    
-0.18000000715256     0.99999805389394     0.13228144268851E-06 0.17150680720806    
-0.17599999904633     0.99999805389394     0.13003655396915E-06 0.17151251435280    
-0.17199999094009     0.99999805389394     0.12803063498268E-06 0.17151777446270    
-0.16799998283386     0.99999805389394     0.12611069166724E-06 0.17152287065983    
-0.16400003433228     0.99999805389394     0.12419077677350E-06 0.17152796685696    
-0.15999996662140     0.99999805389394     0.12227084766891E-06 0.17153306305408    
-0.15600001811981     0.99999805389394     0.12035091856433E-06 0.17153815925121    
-0.15200001001358     0.99999805389394     0.11843098235431E-06 0.17154325544834    
-0.14800000190735     0.99999805389394     0.11651106035515E-06 0.17154835164547    
-0.14399999380112     0.99999805389394     0.11459113125056E-06 0.17155344784260    
-0.13999998569489     0.99999805389394     0.11282087797326E-06 0.17155824601650    
-0.13600003719330     0.99999805389394     0.11119029608153E-06 0.17156279087067    
-0.13199996948242     0.99999805389394     0.10955970708437E-06 0.17156732082367    
-0.12800002098083     0.99999805389394     0.10792912519264E-06 0.17157185077667    
-0.12400001287460     0.99999805389394     0.10629853619548E-06 0.17157639563084    
-0.12000000476837     0.99999805389394     0.10466794719832E-06 0.17158092558384    
-0.11599999666214     0.99999805389394     0.10303736530659E-06 0.17158545553684    
-0.11199998855591     0.99999805389394     0.10140678341486E-06 0.17158998548985    
-0.10799998044968     0.99999805389394     0.99776194417700E-07 0.17159453034401    
-0.10399997234344     0.99999805389394     0.98380382951291E-07 0.17159858345985    
-0.10000002384186     0.99999805389394     0.96988699738176E-07 0.17160263657570    
-0.96000015735626E-01 0.99999805389394     0.95597016525062E-07 0.17160668969154    
-0.92000007629395E-01 0.99999805389394     0.94205326206520E-07 0.17161074280739    
-0.87999999523163E-01 0.99999805389394     0.92813642993406E-07 0.17161479592323    
-0.83999991416931E-01 0.99999805389394     0.91421959780291E-07 0.17161883413792    
-0.79999983310699E-01 0.99999805389394     0.90030276567177E-07 0.17162288725376    
-0.75999975204468E-01 0.99999805389394     0.88638593354062E-07 0.17162694036961    
-0.72000026702881E-01 0.99999805389394     0.87394809611396E-07 0.17163069546223    
-0.68000018596649E-01 0.99999805389394     0.86196550341811E-07 0.17163434624672    
-0.64000010490417E-01 0.99999805389394     0.84998283966797E-07 0.17163801193237    
-0.60000002384186E-01 0.99999805389394     0.83800024697211E-07 0.17164166271687    
-0.55999994277954E-01 0.99999805389394     0.82601758322198E-07 0.17164532840252    
-0.51999986171722E-01 0.99999805389394     0.81403499052612E-07 0.17164897918701    
-0.47999978065491E-01 0.99999805389394     0.80205239783027E-07 0.17165264487267    
-0.44000029563904E-01 0.99999805389394     0.79125442198347E-07 0.17165610194206    
-0.40000021457672E-01 0.99999805389394     0.78177833984228E-07 0.17165933549404    
-0.36000013351440E-01 0.99999805389394     0.77230232875536E-07 0.17166256904602    
-0.32000005245209E-01 0.99999805389394     0.76282631766844E-07 0.17166581749916    
-0.27999997138977E-01 0.99999805389394     0.75335023552725E-07 0.17166905105114    
-0.23999989032745E-01 0.99999805389394     0.74387422444033E-07 0.17167228460312    
-0.19999980926514E-01 0.99999805389394     0.73721551530070E-07 0.17167489230633    
-0.15999972820282E-01 0.99999805389394     0.73209037054767E-07 0.17167717218399    
-0.12000024318695E-01 0.99999805389394     0.72696529684890E-07 0.17167943716049    
-0.80000162124634E-02 0.99999805389394     0.72184015209587E-07 0.17168170213699    
-0.40000081062317E-02 0.99999805389394     0.71948299762425E-07 0.17168286442757    
  0.0000000000000     0.99999805389394     0.71819208358193E-07 0.17168360948563    
 0.39999485015869E-02 0.99999805389394     0.71948299762425E-07 0.17168286442757    
 0.80000162124629E-02 0.99999805389394     0.72184015209587E-07 0.17168170213699    
 0.11999964714050E-01 0.99999805389394     0.72696529684890E-07 0.17167943716049    
 0.16000032424927E-01 0.99999805389394     0.73209037054767E-07 0.17167717218399    
 0.19999980926514E-01 0.99999805389394     0.73721551530070E-07 0.17167489230633    
 0.24000048637390E-01 0.99999805389394     0.74387422444033E-07 0.17167228460312    
 0.27999997138977E-01 0.99999805389394     0.75335023552725E-07 0.17166905105114    
 0.31999945640564E-01 0.99999805389394     0.76282631766844E-07 0.17166581749916    
 0.36000013351440E-01 0.99999805389394     0.77230232875536E-07 0.17166256904602    
 0.39999961853027E-01 0.99999805389394     0.78177833984228E-07 0.17165933549404    
 0.44000029563904E-01 0.99999805389394     0.79125442198347E-07 0.17165610194206    
 0.47999978065491E-01 0.99999805389394     0.80205239783027E-07 0.17165264487267    
 0.52000045776367E-01 0.99999805389394     0.81403499052612E-07 0.17164897918701    
 0.55999994277954E-01 0.99999805389394     0.82601758322198E-07 0.17164532840252    
 0.59999942779541E-01 0.99999805389394     0.83800024697211E-07 0.17164166271687    
 0.64000010490417E-01 0.99999805389394     0.84998283966797E-07 0.17163801193237    
 0.67999958992004E-01 0.99999805389394     0.86196550341811E-07 0.17163434624672    
 0.72000026702881E-01 0.99999805389394     0.87394809611396E-07 0.17163069546223    
 0.75999975204468E-01 0.99999805389394     0.88638593354062E-07 0.17162694036961    
 0.80000042915344E-01 0.99999805389394     0.90030276567177E-07 0.17162288725376    
 0.83999991416931E-01 0.99999805389394     0.91421959780291E-07 0.17161883413792    
 0.88000059127808E-01 0.99999805389394     0.92813642993406E-07 0.17161479592323    
 0.92000007629395E-01 0.99999805389394     0.94205326206520E-07 0.17161074280739    
 0.95999956130981E-01 0.99999805389394     0.95597016525062E-07 0.17160668969154    
 0.10000002384186     0.99999805389394     0.96988699738176E-07 0.17160263657570    
 0.10399997234345     0.99999805389394     0.98380382951291E-07 0.17159858345985    
 0.10800004005432     0.99999805389394     0.99776194417700E-07 0.17159453034401    
 0.11199998855591     0.99999805389394     0.10140678341486E-06 0.17158998548985    
 0.11599993705749     0.99999805389394     0.10303736530659E-06 0.17158545553684    
 0.12000000476837     0.99999805389394     0.10466794719832E-06 0.17158092558384    
 0.12399995326996     0.99999805389394     0.10629853619548E-06 0.17157639563084    
 0.12800002098083     0.99999805389394     0.10792912519264E-06 0.17157185077667    
 0.13199996948242     0.99999805389394     0.10955970708437E-06 0.17156732082367    
 0.13600003719330     0.99999805389394     0.11119029608153E-06 0.17156279087067    
 0.13999998569489     0.99999805389394     0.11282087797326E-06 0.17155824601650    
 0.14400005340576     0.99999805389394     0.11459113125056E-06 0.17155344784260    
 0.14800000190735     0.99999805389394     0.11651106035515E-06 0.17154835164547    
 0.15199995040894     0.99999805389394     0.11843098235431E-06 0.17154325544834    
 0.15600001811981     0.99999805389394     0.12035091856433E-06 0.17153815925121    
 0.15999996662140     0.99999805389394     0.12227084766891E-06 0.17153306305408    
 0.16400003433227     0.99999805389394     0.12419077677350E-06 0.17152796685696    
 0.16799998283386     0.99999805389394     0.12611069166724E-06 0.17152287065983    
 0.17200005054474     0.99999805389394     0.12803063498268E-06 0.17151777446270    
 0.17599999904633     0.99999805389394     0.13003655396915E-06 0.17151251435280    
 0.18000006675720     0.99999805389394     0.13228144268851E-06 0.17150680720806    
 0.18400001525879     0.99999805389394     0.13452633140787E-06 0.17150110006332    
 0.18799996376038     0.99999805389394     0.13677122012723E-06 0.17149539291859    
 0.19200003147125     0.99999805389394     0.13901610884659E-06 0.17148970067501    
 0.19599997997284     0.99999805389394     0.14126099756595E-06 0.17148399353027    
 0.20000004768372     0.99999805389394     0.14350588628531E-06 0.17147828638554    
 0.20399999618530     0.99999805389394     0.14575077500467E-06 0.17147257924080    
 0.20799994468689     0.99999805389394     0.14831384476111E-06 0.17146630585194    
 0.21200001239777     0.99999805389394     0.15088586735601E-06 0.17146001756191    
 0.21599996089935     0.99999805389394     0.15345790416177E-06 0.17145372927189    
 0.22000002861023     0.99999805389394     0.15602992675667E-06 0.17144742608070    
 0.22399997711182     0.99999805389394     0.15860196356243E-06 0.17144113779068    
 0.22800004482269     0.99999805389394     0.16121644819123E-06 0.17143477499485    
 0.23199999332428     0.99999805389394     0.16407634007010E-06 0.17142799496651    
 0.23600006103516     0.99999805389394     0.16693624615982E-06 0.17142122983933    
 0.24000000953674     0.99999805389394     0.16979613803869E-06 0.17141444981098    
 0.24399995803833     0.99999805389394     0.17274116714816E-06 0.17140766978264    
 0.24800002574921     0.99999805389394     0.17598470947178E-06 0.17140091955662    
 0.25199997425079     0.99999805389394     0.17863139589736E-06 0.17139312624931    
 0.25600004196167     0.99999805389394     0.18153471614823E-06 0.17138534784317    
 0.25999999046326     0.99999794200761     0.18541263102634E-06 0.17137879133224    
 0.26399993896484     0.99999794200761     0.18919452315913E-06 0.17137204110622    
 0.26800000667572     0.99999794200761     0.19221099023525E-06 0.17136359214783    
 0.27200007438660     0.99999805389394     0.19522745731138E-06 0.17135514318943    
 0.27600002288818     0.99999805389394     0.19824389596579E-06 0.17134669423103    
 0.27999997138977     0.99999805389394     0.20197946071221E-06 0.17133864760399    
 0.28400003910065     0.99999805389394     0.20616248264105E-06 0.17133085429668    
 0.28799998760223     0.99999794200761     0.21034549035903E-06 0.17132307589054    
 0.29200005531311     0.99999794200761     0.21452851228787E-06 0.17131528258324    
 0.29600000381470     0.99999794200761     0.21862342691747E-06 0.17130705714226    
 0.29999995231628     0.99999794200761     0.22244113040415E-06 0.17129744589329    
 0.30400002002716     0.99999794200761     0.22625879125826E-06 0.17128783464432    
 0.30799996852875     0.99999805389394     0.23007649474494E-06 0.17127822339535    
 0.31200003623962     0.99999805389394     0.23389419823161E-06 0.17126861214638    
 0.31599998474121     0.99999805389394     0.23816082261874E-06 0.17125914990902    
 0.31999993324280     0.99999805389394     0.24342494953089E-06 0.17125003039837    
 0.32400000095367     0.99999805389394     0.24868910486475E-06 0.17124091088772    
 0.32800006866455     0.99999794200761     0.25395326019861E-06 0.17123180627823    
 0.33200001716614     0.99999794200761     0.25921738711077E-06 0.17122268676758    
 0.33599996566773     0.99999794200761     0.26436211442160E-06 0.17121303081512    
 0.34000003337860     0.99999794200761     0.26899650151790E-06 0.17120109498501    
 0.34399998188019     0.99999805389394     0.27363088861421E-06 0.17118915915489    
 0.34800004959106     0.99999805389394     0.27826524728880E-06 0.17117722332478    
 0.35199999809265     0.99999816578027     0.28289966280681E-06 0.17116530239582    
 0.35599994659424     0.99999816578027     0.28827636811002E-06 0.17115402221680    
 0.36000001430511     0.99999805389394     0.29577921623059E-06 0.17114460468292    
 0.36399996280670     0.99999794200761     0.30328197908602E-06 0.17113520205021    
 0.36800003051758     0.99999783012128     0.31078479878488E-06 0.17112578451633    
 0.37199997901917     0.99999771823496     0.31828764690545E-06 0.17111638188362    
 0.37599992752075     0.99999805389394     0.32124771109920E-06 0.17109924554825    
 0.37999999523163     0.99999838955293     0.32360927093578E-06 0.17108109593391    
 0.38400006294251     0.99999883709825     0.32597080235064E-06 0.17106296122074    
 0.38800001144409     0.99999906087091     0.34696537909440E-06 0.17111200094223    
 0.39199995994568     0.99999917275724     0.39728593037580E-06 0.17126679420471    
 0.39600002765655     0.99999973218888     0.46513727625097E-06 0.17144596576691    
 0.39999997615814      1.0000151725023     0.10444371127960E-05 0.17233616113663    
 0.40400004386902      1.0000310603611     0.32839886898728E-06 0.17088766396046    
 0.40799999237061     0.99993562132219     0.13833005141350E-05 0.17262074351311    
 0.41199994087219     0.99996829213035     0.11297582886982E-05 0.17182944715023    
 0.41600000858307      1.0000457174702     0.41884879919962E-06 0.17015576362610    
 0.41999995708466      1.0000613815563     0.30500635261888E-06 0.16975373029709    
 0.42400002479553     0.99998854355595     0.10469756261955E-05 0.17117442190647    
 0.42799997329712     0.99991570555558     0.17889449281938E-05 0.17259511351585    
 0.43200004100800     0.99992197119002     0.18389629303783E-05 0.17247626185417    
 0.43599998950958      1.0000093544132     0.11806127986347E-05 0.17078134417534    
 0.44000005722046      1.0000967376364     0.52225766467018E-06 0.16908639669418    
 0.44400000572205      1.0000785001647     0.92831686515638E-06 0.16960819065571    
 0.44799995422363     0.99965534606730     0.54143051784195E-05 0.17862671613693    
 0.45200002193451     0.99923219196990     0.99002600109088E-05 0.18764516711235    
 0.45599997043610     0.99880903787249     0.14386248949450E-04 0.19666369259357    
 0.46000003814697     0.99806555321430     0.28204556656419E-04 0.21372814476490    
 0.46399998664856     0.99723826569547     0.44457454350777E-04 0.23289154469967    
 0.46799993515015     0.99641109006297     0.60710473917425E-04 0.25205507874489    
 0.47200000286102     0.99562217955509     0.79362980613951E-04 0.26990693807602    
 0.47600007057190     0.99487063908119     0.10035935702035E-03 0.28647750616074    
 0.48000001907349     0.99411898672097     0.12135557335569E-03 0.30304795503616    
 0.48399996757507     0.99334473332222     0.14385758549906E-03 0.31931233406067    
 0.48800003528595     0.99255470395105     0.16741002036724E-03 0.33536311984062    
 0.49199998378754     0.99176691230646     0.19136953051202E-03 0.35123723745346    
 0.49600005149841     0.99098605761429     0.21649342670571E-03 0.36660587787628    
 0.50000000000000     0.99019177656260     0.24228858819697E-03 0.38208240270615    
 0.50399994850159     0.98938865649090     0.26906179846264E-03 0.39748722314835    
 0.50800001621246     0.98857647362652     0.29663203167729E-03 0.41287609934807    
 0.51200008392334     0.98775410910618     0.32497596112080E-03 0.42826855182648    
 0.51600003242493     0.98692402442912     0.35387335810810E-03 0.44367191195488    
 0.51999998092651     0.98608163225583     0.38359724567272E-03 0.45910274982452    
 0.52399992942810     0.98522771579063     0.41400562622584E-03 0.47457301616669    
 0.52799999713898     0.98436630294136     0.44486386468634E-03 0.49006915092468    
 0.53200006484985     0.98348698827940     0.47669850755483E-03 0.50564306974411    
 0.53600001335144     0.98260062477870     0.50889147678390E-03 0.52125000953674    
 0.53999996185303     0.98169971605520     0.54181000450626E-03 0.53692793846130    
 0.54400002956390     0.98078526908584     0.57535828091204E-03 0.55267679691315    
 0.54799997806549     0.97985907405191     0.60942949494347E-03 0.56848812103271    
 0.55200004577637     0.97891811002251     0.64413202926517E-03 0.58438163995743    
 0.55599999427795     0.97796215322499     0.67944719921798E-03 0.60036116838455    
 0.55999994277954     0.97699366515858     0.71524560917169E-03 0.61641222238541    
 0.56400001049042     0.97601051998304     0.75160257983953E-03 0.63254934549332    
 0.56800007820129     0.97501047997177     0.78855821629986E-03 0.64878565073013    
 0.57200002670288     0.97400216037214     0.82580209709704E-03 0.66507083177567    
 0.57599997520447     0.97297168727930     0.86378632113338E-03 0.68148869276047    
 0.57999992370605     0.97193114441683     0.90208317851648E-03 0.69796758890152    
 0.58399999141693     0.97087538501357     0.94085489399731E-03 0.71453899145126    
 0.58800005912781     0.96980150002496     0.98014913965017E-03 0.73122084140778    
 0.59200000762939     0.96871575508545     0.10197795927525E-02 0.74797648191452    
 0.59599995613098     0.96761345096921     0.10598560329527E-02 0.76483476161957    
 0.60000002384186     0.96649458767623     0.11003584368154E-02 0.78179746866226    
 0.60399997234345     0.96535815822955     0.11412851745263E-02 0.79887175559998    
 0.60800004005432     0.96420483394714     0.11826055124402E-02 0.81605637073517    
 0.61199998855591     0.96303416728369     0.12243059463799E-02 0.83335584402084    
 0.61599993705749     0.96185052180605     0.12662758817896E-02 0.85074144601822    
 0.62000000476837     0.96064751999343     0.13086439576000E-02 0.86826038360596    
 0.62400007247925     0.95942717579978     0.13513345038518E-02 0.88590085506439    
 0.62800002098083     0.95819541920053     0.13942369259894E-02 0.90362119674683    
 0.63199996948242     0.95693759308656     0.14375837054104E-02 0.92153251171112    
 0.63599991798401     0.95566980908928     0.14810891589150E-02 0.93951845169067    
 0.63999998569489     0.95438154989374     0.15249138232321E-02 0.95766103267670    
 0.64400005340576     0.95307449379488     0.15690034488216E-02 0.97595208883286    
 0.64800000190735     0.95175132606460     0.16133101889864E-02 0.99437361955643    
 0.65199995040894     0.95040824256771     0.16578735085204E-02  1.0129638910294    
 0.65600001811981     0.94904457198622     0.17026769928634E-02  1.0317316055298    
 0.66000008583069     0.94766423034167     0.17476610373706E-02  1.0506490468979    
 0.66400003433227     0.94626408481683     0.17928460147232E-02  1.0697487592697    
 0.66799998283386     0.94484145013980     0.18382373964414E-02  1.0890659093857    
 0.67199993133545     0.94340785060250     0.18837259849533E-02  1.1084916591644    
 0.67599999904633     0.94194448930161     0.19294517114758E-02  1.1282213926315    
 0.68000006675720     0.94046758975488     0.19752695225179E-02  1.1480970382690    
 0.68400001525879     0.93897021500988     0.20212274976075E-02  1.1681946516037    
 0.68799996376038     0.93744867281775     0.20673261024058E-02  1.1885702610016    
 0.69199991226196     0.93591096305104     0.21135099232197E-02  1.2091356515884    
 0.69599997997284     0.93435093196164     0.21598013117909E-02  1.2299726009369    
 0.70000004768372     0.93276829983371     0.22061872296035E-02  1.2510946989059    
 0.70399999618530     0.93116177997449     0.22526625543833E-02  1.2725315093994    
 0.70799994468689     0.92953187587243     0.22992081940174E-02  1.2942891120911    
 0.71200001239777     0.92787786026642     0.23458104114980E-02  1.3163907527924    
 0.71600008010864     0.92620588690455     0.23924482520670E-02  1.3387560844421    
 0.72000002861023     0.92450644544884     0.24391321931034E-02  1.3615368604660    
 0.72399997711182     0.92278244494385     0.24858394172043E-02  1.3847099542618    
 0.72799992561340     0.92104227686427     0.25325634051114E-02  1.4081414937973    
 0.73199999332428     0.91926434714856     0.25793001987040E-02  1.4322127103806    
 0.73600006103516     0.91747181626687     0.26260362938046E-02  1.4565405845642    
 0.74000000953674     0.91564913201944     0.26727656368166E-02  1.4814081192017    
 0.74399995803833     0.91379853213285     0.27194751892239E-02  1.5068016052246    
 0.74800002574921     0.91192376479913     0.27661619242281E-02  1.5326616764069    
 0.75199997425079     0.91001929164498     0.28128116391599E-02  1.5591127872467    
 0.75600004196167     0.90808332248913     0.28594138566405E-02  1.5862168073654    
 0.75999999046326     0.90611960552362     0.29059674125165E-02  1.6139154434204    
 0.76399993896484     0.90412668622616     0.29524667188525E-02  1.6422585248947    
 0.76800000667572     0.90210092829105     0.29988964088261E-02  1.6713528633118    
 0.77200007438660     0.90004373029741     0.30452553182840E-02  1.7011874914169    
 0.77600002288818     0.89795436498409     0.30915371607989E-02  1.7318046092987    
 0.77999997138977     0.89582964359072     0.31377293635160E-02  1.7633106708527    
 0.78399991989136     0.89366872696982     0.31838256400079E-02  1.7957555055618    
 0.78799998760223     0.89147362907532     0.32298259902745E-02  1.8291171789169    
 0.79200005531311     0.88924278349861     0.32757238950580E-02  1.8634632825851    
 0.79600000381470     0.88697233016132     0.33215053845197E-02  1.8989334106445    
 0.79999995231628     0.88466305226777     0.33671697601676E-02  1.9355421066284    
 0.80400002002716     0.88230980304681     0.34127016551793E-02  1.9734781980515    
 0.80800008773804     0.87991465239552     0.34581043291837E-02  2.0127241611481    
 0.81200003623962     0.87747374023555     0.35033645108342E-02  2.0534398555756    
 0.81599998474121     0.87498846514601     0.35484877880663E-02  2.0956265926361    
 0.81999993324280     0.87245776420678     0.35934704355896E-02  2.1393594741821    
 0.82400000095367     0.86987559555607     0.36382945254445E-02  2.1848971843719    
 0.82800006866455     0.86723899420616     0.36829509772360E-02  2.2324070930481    
 0.83200001716614     0.86454919090667     0.37274458445609E-02  2.2819035053253    
 0.83599996566773     0.86180355632885     0.37717742379755E-02  2.3335492610931    
 0.83999991416931     0.85899487380448     0.38159161340445E-02  2.3876974582672    
 0.84399998188019     0.85612577266229     0.38598850369453E-02  2.4443149566650    
 0.84800004959106     0.85319524592531     0.39036790840328E-02  2.5035212039948    
 0.85199999809265     0.85019210496061     0.39472714997828E-02  2.5658805370331    
 0.85599994659424     0.84711204214453     0.39906543679535E-02  2.6316969394684    
 0.86000001430511     0.84395981264604     0.40338481776416E-02  2.7008612155914    
 0.86400008201599     0.84072971026237     0.40768431499600E-02  2.7737479209900    
 0.86800003051758     0.83740892400880     0.41196127422154E-02  2.8511130809784    
 0.87199997901917     0.83399885246445     0.41621695272624E-02  2.9330384731293    
 0.87599992752075     0.83049429291500     0.42045065201819E-02  3.0199468135834    
 0.87999999523163     0.82688226654627     0.42466004379094E-02  3.1127364635468    
 0.88400006294251     0.82315622800798     0.42884494177997E-02  3.2119927406311    
 0.88800001144409     0.81931813531090     0.43300664983690E-02  3.3178355693817    
 0.89199995994568     0.81535892566235     0.43714409694076E-02  3.4310417175293    
 0.89600002765655     0.81126013781801     0.44125476852059E-02  3.5530617237091    
 0.89999997615814     0.80701830330165     0.44533889740705E-02  3.6844596862793    
 0.90400004386902     0.80260735259857     0.44939294457436E-02  3.8274221420288    
 0.90799999237061     0.79802639061811     0.45341821387410E-02  3.9825267791748    
 0.91199994087219     0.79325091425417     0.45741172507405E-02  4.1521301269531    
 0.91600000858307     0.78827667182623     0.46137403696775E-02  4.3372163772583    
 0.92000007629395     0.78308833490717     0.46530379913747E-02  4.5396995544434    
 0.92400002479553     0.77764299508972     0.46919593587518E-02  4.7640771865845    
 0.92799997329712     0.77190663892977     0.47304672189057E-02  5.0146050453186    
 0.93199992179871     0.76586567223830     0.47685578465462E-02  5.2939939498901    
 0.93599998950958     0.75948087885690     0.48061856068671E-02  5.6078100204468    
 0.94000005722046     0.75267472155936     0.48432592302561E-02  5.9664130210876    
 0.94400000572205     0.74542929853299     0.48797614872456E-02  6.3747553825378    
 0.94799995422363     0.73769493224760     0.49156323075294E-02  6.8419213294983    
 0.95200002193451     0.72932152719241     0.49506761133671E-02  7.3914990425110    
 0.95599997043610     0.72017867985064     0.49847126938403E-02  8.0490846633911    
 0.96000003814697     0.71021503439714     0.50176568329334E-02  8.8316764831543    
 0.96399998664856     0.69923892954983     0.50492198206484E-02  9.7818565368652    
 0.96799993515015     0.68686614765388     0.50788167864084E-02  10.988032341003    
 0.97200000286102     0.67283023141607     0.51059979014099E-02  12.534485816956    
 0.97600007057190     0.65660100746504     0.51295319572091E-02  14.589442253113    
 0.98000001907349     0.63708775191961     0.51433802582324E-02  17.535701751709    
 0.98399996757507     0.61261189012448     0.51397937349975E-02  21.956979751587    
 0.98799991607666     0.58050006607058     0.51043336279690E-02  29.051940917969    
 0.99199998378754     0.53433593443163     0.49985214136541E-02  43.824314117432    
 0.99600005149841     0.44110049679578     0.44152275659144E-02  86.575416564941    
  1.0000000000000      0.0000000000000      0.0000000000000      0.0000000000000    
